{
  "What is the capital of France?": {
    "confidence_score": 0.9987,
    "interpretation": "high",
    "best_answer": "The capital of France is Paris.",
    "answers_with_scores": [
      {
        "answer": "The capital of France is Paris.",
        "probability": 0.9999,
        "density": 0.9987
      },
      {
        "answer": "The capital of France is Paris.",
        "probability": 0.9999,
        "density": 0.9987
      },
      {
        "answer": "The capital of France is Paris.",
        "probability": 0.9999,
        "density": 0.9987
      },
      {
        "answer": "The capital of France is Paris.",
        "probability": 0.9999,
        "density": 0.9987
      },
      {
        "answer": "The capital of France is Paris.",
        "probability": 0.9999,
        "density": 0.9987
      }
    ],
    "distance_matrix": [
      [
        0.0,
        0.0015914012619759887,
        0.0015914012619759887,
        0.0015914012619759887,
        0.0015914012619759887
      ],
      [
        0.0015914012619759887,
        0.0,
        0.0015914012619759887,
        0.0015914012619759887,
        0.0015914012619759887
      ],
      [
        0.0015914012619759887,
        0.0015914012619759887,
        0.0,
        0.0015914012619759887,
        0.0015914012619759887
      ],
      [
        0.0015914012619759887,
        0.0015914012619759887,
        0.0015914012619759887,
        0.0,
        0.0015914012619759887
      ],
      [
        0.0015914012619759887,
        0.0015914012619759887,
        0.0015914012619759887,
        0.0015914012619759887,
        0.0
      ]
    ],
    "elapsed": 13.157356023788452
  },
  "What is the best programming language?": {
    "confidence_score": 0.8951,
    "interpretation": "high",
    "best_answer": "There isn't a single best programming language as it depends on the specific application, context, and developer preference.",
    "answers_with_scores": [
      {
        "answer": "There is no single \"best\" programming language as it depends on the specific application, context, and developer preferences; however, languages like Python and JavaScript are often highly regarded for their versatility and efficiency.",
        "probability": 0.8461,
        "density": 0.7591
      },
      {
        "answer": "There isn't a single \"best\" programming language as it depends on the specific application, context, and developer preferences.",
        "probability": 0.792,
        "density": 0.8935
      },
      {
        "answer": "There isn't a single best programming language as it depends on the specific application, context, and developer preference.",
        "probability": 0.7607,
        "density": 0.8951
      },
      {
        "answer": "There is no single \"best\" programming language as it depends on the specific application, context, and programmer preference; each language has its strengths and is suited to different tasks.",
        "probability": 0.8644,
        "density": 0.7661
      },
      {
        "answer": "There is no single best programming language as it depends on the specific application, context, and developer preference.",
        "probability": 0.7707,
        "density": 0.8945
      }
    ],
    "distance_matrix": [
      [
        0.0,
        0.25125672803551424,
        0.25107369174656924,
        0.44901226651563775,
        0.25143371512240265
      ],
      [
        0.25125672803551424,
        0.0,
        0.0033748511923477054,
        0.246249615913257,
        0.00230937622836791
      ],
      [
        0.25107369174656924,
        0.0033748511923477054,
        0.0,
        0.23887967340124305,
        0.0021525686970562674
      ],
      [
        0.44901226651563775,
        0.246249615913257,
        0.23887967340124305,
        0.0,
        0.24235014789155684
      ],
      [
        0.25143371512240265,
        0.00230937622836791,
        0.0021525686970562674,
        0.24235014789155684,
        0.0
      ]
    ],
    "elapsed": 3.1864614486694336
  },
  "What year did humans land on Mars?": {
    "confidence_score": 0.927,
    "interpretation": "high",
    "best_answer": "Humans have not yet landed on Mars; the closest we've gotten are unmanned missions.",
    "answers_with_scores": [
      {
        "answer": "Humans have not yet landed on Mars; the closest we've gotten are uncrewed missions.",
        "probability": 0.9355,
        "density": 0.7783
      },
      {
        "answer": "Humans have not yet landed on Mars; the closest we've gotten are robotic missions.",
        "probability": 0.9106,
        "density": 0.8935
      },
      {
        "answer": "Humans have not yet landed on Mars; however, Mars rovers like those from the Mars Exploration Rover mission (2003) and the Perseverance rover (2021) have successfully landed on the planet's surface.",
        "probability": 0.7899,
        "density": 0.6833
      },
      {
        "answer": "Humans have not yet landed on Mars; the closest we've gotten are unmanned missions.",
        "probability": 0.8757,
        "density": 0.927
      },
      {
        "answer": "Humans have not yet landed on Mars; the closest we've come are robotic missions.",
        "probability": 0.8055,
        "density": 0.8997
      }
    ],
    "distance_matrix": [
      [
        0.0,
        0.2662136070430279,
        0.6537303905934095,
        0.005098095833091065,
        0.24090850818902254
      ],
      [
        0.2662136070430279,
        0.0,
        0.2524286921834573,
        0.010837616748176515,
        0.002122111756762024
      ],
      [
        0.6537303905934095,
        0.2524286921834573,
        0.0,
        0.3705530841834843,
        0.24976733286166564
      ],
      [
        0.005098095833091065,
        0.010837616748176515,
        0.3705530841834843,
        0.0,
        0.009705100703286007
      ],
      [
        0.24090850818902254,
        0.002122111756762024,
        0.24976733286166564,
        0.009705100703286007,
        0.0
      ]
    ],
    "elapsed": 3.544344425201416
  }
}